name: GerryMatters
channels:
  - conda-forge
  - defaults
dependencies:
  - ca-certificates=2021.5.30=h5b45459_0
  - openssl=1.1.1k=h8ffe710_1
  - pip=21.2.4=pyhd8ed1ab_0
  - pygeoif=0.7=py_1
  - pyshp=2.1.3=pyh44b312d_0
  - python=3.7.10=h7840368_100_cpython
  - python_abi=3.7=2_cp37m
  - setuptools=57.4.0=py37h03978a9_0
  - sqlite=3.36.0=h8ffe710_0
  - ucrt=10.0.20348.0=h57928b3_0
  - vc=14.2=hb210afc_5
  - vs2015_runtime=14.29.30037=h902a5da_5
  - wheel=0.37.0=pyhd8ed1ab_1
prefix: C:\Users\jeffw\Miniconda3\envs\GerryMatters
